Accuracy: 0.717948717948718
Precision: 0.37142857142857144
Recall: 0.5416666666666666