Accuracy: 0.8034188034188035
Precision: 1.0
Recall: 0.041666666666666664