Accuracy: 0.8034188034188035
Precision: 0.5555555555555556
Recall: 0.20833333333333334