Accuracy: 0.7264957264957265
Precision: 0.35714285714285715
Recall: 0.4166666666666667