Accuracy: 0.8205128205128205
Precision: 0.6666666666666666
Recall: 0.25